0.000000 -1.000000 0.000000 0.000000
0.000000 -0.000000 -1.000000 0.400000
1.000000 0.000000 -0.000000 1.400000
0.173648 -0.984808 0.000000 -0.000000
-0.000000 0.000000 -1.000000 0.400000
0.984808 0.173648 0.000000 1.400000
0.342020 -0.939693 0.000000 -0.000000
0.000000 0.000000 -1.000000 0.400000
0.939693 0.342020 0.000000 1.400000
0.500000 -0.866025 0.000000 0.000000
-0.000000 -0.000000 -1.000000 0.400000
0.866025 0.500000 -0.000000 1.400000
0.642788 -0.766044 0.000000 0.000000
0.000000 -0.000000 -1.000000 0.400000
0.766044 0.642788 0.000000 1.400000
0.766044 -0.642788 0.000000 -0.000000
0.000000 0.000000 -1.000000 0.400000
0.642788 0.766044 0.000000 1.400000
0.866025 -0.500000 0.000000 -0.000000
0.000000 0.000000 -1.000000 0.400000
0.500000 0.866025 0.000000 1.400000
0.939693 -0.342020 0.000000 -0.000000
0.000000 0.000000 -1.000000 0.400000
0.342020 0.939693 0.000000 1.400000
0.984808 -0.173648 0.000000 -0.000000
0.000000 0.000000 -1.000000 0.400000
0.173648 0.984808 0.000000 1.400000
1.000000 0.000000 0.000000 0.000000
0.000000 0.000000 -1.000000 0.400000
-0.000000 1.000000 0.000000 1.400000
0.984808 0.173648 0.000000 0.000000
0.000000 0.000000 -1.000000 0.400000
-0.173648 0.984808 0.000000 1.400000
0.939693 0.342020 0.000000 0.000000
0.000000 0.000000 -1.000000 0.400000
-0.342020 0.939693 0.000000 1.400000
0.866025 0.500000 0.000000 -0.000000
0.000000 0.000000 -1.000000 0.400000
-0.500000 0.866025 0.000000 1.400000
0.766044 0.642788 0.000000 0.000000
0.000000 0.000000 -1.000000 0.400000
-0.642788 0.766045 0.000000 1.400000
0.642787 0.766045 0.000000 0.000000
0.000000 0.000000 -1.000000 0.400000
-0.766045 0.642787 0.000000 1.400000
0.500000 0.866026 0.000000 0.000000
0.000000 0.000000 -1.000000 0.400000
-0.866026 0.500000 0.000000 1.400000
0.342020 0.939693 0.000000 0.000000
-0.000000 0.000000 -1.000000 0.400000
-0.939693 0.342020 0.000000 1.400000
0.173648 0.984808 0.000000 0.000000
-0.000000 0.000000 -1.000000 0.400000
-0.984808 0.173648 0.000000 1.400000
-0.000000 1.000000 0.000000 0.000000
0.000000 0.000000 -1.000000 0.400000
-1.000000 0.000000 0.000000 1.400000